Grover with incrementer:
  nr. of variables: 2
  nr. of clauses: 3
  solutions: ['11']
  amount of runs: 100
(0)
#########
  data with noise
    11: [95.76, 95.71, 95.73, 95.96, 95.72, 95.75, 95.42, 95.82, 95.41, 95.81, 95.59, 95.85, 95.71, 95.9, 95.65, 95.53, 95.6, 95.91, 95.38, 95.51, 95.81, 95.81, 95.85, 95.41, 95.85, 95.55, 95.96, 95.7, 96.1, 96.01, 95.8, 95.73, 95.56, 95.43, 95.93, 95.7, 95.69, 95.76, 96.04, 95.39, 95.5, 96.11, 95.62, 96.13, 95.64, 95.59, 95.83, 95.48, 95.94, 95.6, 95.65, 96.04, 95.93, 95.66, 95.66, 95.54, 95.76, 96.04, 95.82, 95.91, 95.87, 95.64, 95.66, 95.65, 95.96, 95.52, 95.87, 95.92, 95.98, 96.04, 95.78, 95.55, 96.24, 95.78, 95.65, 95.77, 95.63, 95.86, 96.04, 95.86, 95.77, 95.83, 96.02, 95.9, 95.91, 95.84, 95.56, 95.83, 95.83, 95.72, 95.63, 95.62, 95.78, 95.57, 95.56, 95.84, 95.97, 95.92, 95.87, 95.41]
#########

