Grover with incrementer:
  nr. of variables: 2
  nr. of clauses: 3
  solutions: ['11']
  amount of runs: 100
(2)
#########
  data with noise
    11: [99.9, 99.93333333333334, 99.83333333333333, 99.83333333333333, 99.9, 99.86666666666666, 99.83333333333333, 99.86666666666666, 99.9, 99.83333333333333, 99.83333333333333, 99.76666666666667, 99.8, 99.8, 99.76666666666667, 99.8, 99.83333333333333, 99.86666666666666, 99.83333333333333, 99.9, 99.73333333333333, 99.9, 99.93333333333334, 99.86666666666666, 99.73333333333333, 99.93333333333334, 99.83333333333333, 99.7, 99.86666666666666, 99.83333333333333, 99.73333333333333, 99.86666666666666, 99.83333333333333, 99.8, 99.83333333333333, 99.7, 99.7, 99.76666666666667, 99.53333333333333, 99.86666666666666, 99.7, 99.7, 99.63333333333334, 99.8, 99.83333333333333, 99.6, 99.7, 99.66666666666667, 99.8, 99.73333333333333, 99.7, 99.53333333333333, 99.5, 99.76666666666667, 99.53333333333333, 99.7, 99.7, 99.8, 99.5, 99.8, 99.6, 99.53333333333333, 99.73333333333333, 99.56666666666666, 99.73333333333333, 99.5, 99.56666666666666, 99.43333333333334, 99.63333333333334, 99.43333333333334, 99.53333333333333, 99.5, 99.26666666666667, 99.13333333333334, 99.56666666666666, 99.5, 99.4, 99.1, 99.26666666666667, 99.3, 99.16666666666667, 99.26666666666667, 99.06666666666666, 99.0, 99.13333333333334, 98.8, 98.9, 98.73333333333333, 98.46666666666667, 98.5, 98.73333333333333, 98.43333333333334, 97.93333333333334, 97.46666666666667, 96.66666666666667, 96.53333333333333, 94.3, 92.76666666666667, 86.63333333333334, 19.4]
#########

