Grover with incrementer:
  nr. of variables: 3
  nr. of clauses: 7
  solutions: ['111']
  amount of runs: 100
(0)
#########
  data with noise
    111: [85.3, 85.23333333333333, 85.33333333333333, 84.76666666666667, 84.93333333333334, 84.2, 85.8, 85.3, 84.9, 84.03333333333333, 84.06666666666666, 85.63333333333334, 83.96666666666667, 85.03333333333333, 84.16666666666667, 84.46666666666667, 84.06666666666666, 84.86666666666666, 83.73333333333333, 83.2, 83.86666666666666, 83.0, 84.1, 82.33333333333333, 82.56666666666666, 83.86666666666666, 82.0, 83.43333333333334, 81.86666666666666, 82.86666666666666, 81.8, 82.13333333333334, 79.9, 82.13333333333334, 80.93333333333334, 81.63333333333334, 80.76666666666667, 80.86666666666666, 80.4, 79.03333333333333, 80.66666666666667, 80.16666666666667, 79.7, 80.26666666666667, 79.26666666666667, 79.8, 76.5, 78.03333333333333, 78.53333333333333, 77.76666666666667, 77.46666666666667, 77.4, 76.53333333333333, 77.33333333333333, 77.03333333333333, 74.5, 74.06666666666666, 75.9, 74.33333333333333, 73.66666666666667, 73.93333333333334, 74.5, 72.33333333333333, 70.93333333333334, 73.63333333333334, 72.3, 71.36666666666666, 70.43333333333334, 71.03333333333333, 69.1, 69.66666666666667, 68.4, 64.63333333333334, 65.2, 64.5, 63.1, 62.666666666666664, 62.13333333333333, 61.36666666666667, 58.63333333333333, 56.96666666666667, 57.0, 55.43333333333333, 53.766666666666666, 51.06666666666667, 49.2, 48.2, 44.5, 42.6, 37.93333333333333, 36.9, 33.166666666666664, 30.7, 27.066666666666666, 19.7, 17.566666666666666, 15.433333333333334, 12.033333333333333, 13.033333333333333, 7.466666666666667]
#########

