Grover with incrementer:
  nr. of variables: 2
  nr. of clauses: 3
  solutions: ['11']
  amount of runs: 100
(1)
#########
  data with noise
    11: [92.8, 93.0, 91.9, 91.3, 93.0, 92.2, 93.3, 92.8, 92.9, 92.1, 92.1, 93.3, 91.3, 92.2, 92.2, 92.0, 92.9, 91.0, 91.8, 91.1, 90.6, 92.9, 91.2, 91.1, 90.8, 91.0, 90.6, 89.9, 90.5, 91.5, 90.5, 90.3, 91.9, 89.3, 89.7, 89.4, 89.3, 88.0, 86.7, 88.4, 89.6, 89.3, 88.4, 88.3, 87.7, 87.1, 89.9, 87.8, 86.9, 86.9, 87.3, 86.6, 86.2, 83.6, 85.3, 85.5, 84.9, 85.1, 85.7, 84.2, 83.7, 84.0, 82.0, 83.0, 82.3, 81.9, 78.6, 80.9, 80.1, 80.7, 77.9, 79.1, 77.0, 77.6, 75.7, 76.7, 76.2, 74.8, 73.7, 70.7, 68.8, 71.1, 70.1, 66.7, 65.2, 63.2, 62.8, 61.1, 56.4, 54.9, 50.3, 51.6, 47.4, 43.5, 40.1, 34.1, 29.1, 26.3, 24.0, 20.9]
#########

