Grover with incrementer:
  nr. of variables: 2
  nr. of clauses: 3
  solutions: ['11']
  amount of runs: 100
(3)
#########
  data with noise
    11: [99.86666666666666, 99.86666666666666, 99.76666666666667, 99.86666666666666, 99.83333333333333, 99.86666666666666, 99.73333333333333, 99.83333333333333, 99.93333333333334, 99.83333333333333, 99.86666666666666, 99.93333333333334, 99.86666666666666, 99.76666666666667, 99.83333333333333, 99.9, 99.8, 99.9, 99.8, 99.93333333333334, 99.83333333333333, 99.83333333333333, 99.86666666666666, 99.73333333333333, 99.76666666666667, 99.76666666666667, 99.86666666666666, 99.73333333333333, 99.8, 99.76666666666667, 99.83333333333333, 99.66666666666667, 99.66666666666667, 99.86666666666666, 99.7, 99.76666666666667, 99.73333333333333, 99.83333333333333, 99.66666666666667, 99.8, 99.6, 99.76666666666667, 99.8, 99.83333333333333, 99.86666666666666, 99.66666666666667, 99.6, 99.63333333333334, 99.76666666666667, 99.66666666666667, 99.76666666666667, 99.76666666666667, 99.6, 99.76666666666667, 99.83333333333333, 99.83333333333333, 99.6, 99.43333333333334, 99.83333333333333, 99.7, 99.63333333333334, 99.7, 99.53333333333333, 99.83333333333333, 99.56666666666666, 99.63333333333334, 99.6, 99.63333333333334, 99.7, 99.6, 99.53333333333333, 99.5, 99.36666666666666, 99.53333333333333, 99.56666666666666, 99.33333333333333, 99.06666666666666, 99.23333333333333, 99.3, 99.23333333333333, 99.3, 99.16666666666667, 99.2, 99.06666666666666, 99.03333333333333, 98.76666666666667, 98.93333333333334, 98.66666666666667, 98.73333333333333, 98.76666666666667, 98.03333333333333, 98.06666666666666, 97.93333333333334, 97.2, 97.43333333333334, 96.36666666666666, 95.26666666666667, 92.8, 88.03333333333333, 19.866666666666667]
#########

Grover with incrementer:
  nr. of variables: 2
  nr. of clauses: 3
  solutions: ['11']
  amount of runs: 100
(3)
#########
  data with noise
    11: [99.83333333333333, 99.8, 99.86666666666666, 99.93333333333334, 99.8, 99.83333333333333, 99.8, 99.9, 99.86666666666666, 99.96666666666667, 99.73333333333333, 99.73333333333333, 99.83333333333333, 99.83333333333333, 99.86666666666666, 99.8, 99.76666666666667, 99.73333333333333, 99.8, 99.8, 99.9, 99.96666666666667, 99.7, 99.76666666666667, 99.86666666666666, 99.7, 99.93333333333334, 99.76666666666667, 99.8, 99.8, 99.73333333333333, 99.83333333333333, 99.66666666666667, 99.73333333333333, 99.76666666666667, 99.66666666666667, 99.73333333333333, 99.86666666666666, 99.66666666666667, 99.9, 99.83333333333333, 99.76666666666667, 99.76666666666667, 99.66666666666667, 99.8, 99.6, 99.66666666666667, 99.53333333333333, 99.73333333333333, 99.76666666666667, 99.83333333333333, 99.53333333333333, 99.6, 99.86666666666666, 99.73333333333333, 99.5, 99.66666666666667, 99.56666666666666, 99.73333333333333, 99.53333333333333, 99.56666666666666, 99.76666666666667, 99.36666666666666, 99.53333333333333, 99.56666666666666, 99.6, 99.6, 99.5, 99.7, 99.6, 99.63333333333334, 99.4, 99.43333333333334, 99.3, 99.5, 99.46666666666667, 99.56666666666666, 99.46666666666667, 99.33333333333333, 99.16666666666667, 99.3, 99.06666666666666, 99.23333333333333, 98.76666666666667, 99.43333333333334, 98.96666666666667, 98.9, 98.5, 98.7, 98.46666666666667, 98.83333333333333, 97.8, 97.5, 97.36666666666666, 97.4, 96.23333333333333, 94.63333333333334, 93.4, 85.73333333333333, 18.833333333333332]
#########

