Grover with incrementer:
  nr. of variables: 2
  nr. of clauses: 3
  solutions: ['11']
  amount of runs: range(577, 10000, 942)
#########
  data with noise
    00: [30, 24, 22, 22, 27, 21, 28, 38, 32, 31, 21]
    01: [25, 24, 26, 26, 29, 26, 24, 21, 27, 24, 24]
    10: [26, 28, 32, 26, 27, 28, 20, 23, 17, 21, 28]
    11: [19, 24, 20, 26, 17, 25, 28, 18, 24, 24, 27]
  data without noise
    00: [0, 0, 0, 0, 0, 0, 0, 0, 0, 0, 0]
    01: [0, 0, 0, 0, 0, 0, 0, 0, 0, 0, 0]
    10: [0, 0, 0, 0, 0, 0, 0, 0, 0, 0, 0]
    11: [100, 100, 100, 100, 100, 100, 100, 100, 100, 100, 100]
#########

Grover with incrementer:
  nr. of variables: 2
  nr. of clauses: 3
  solutions: ['11']
  amount of runs: range(577, 100000, 9942)
#########
  data with noise
    00: [25, 41, 47, 29, 22, 27, 65, 42, 29, 75, 68]
    01: [26, 26, 22, 17, 32, 29, 16, 19, 29, 10, 26]
    10: [25, 21, 20, 26, 22, 17, 18, 21, 16, 13, 6]
    11: [24, 12, 11, 28, 24, 27, 1, 18, 26, 2, 0]
  data without noise
    00: [0, 0, 0, 0, 0, 0, 0, 0, 0, 0, 0]
    01: [0, 0, 0, 0, 0, 0, 0, 0, 0, 0, 0]
    10: [0, 0, 0, 0, 0, 0, 0, 0, 0, 0, 0]
    11: [100, 100, 100, 100, 100, 100, 100, 100, 100, 100, 100]
#########

Grover with incrementer:
  nr. of variables: 2
  nr. of clauses: 3
  solutions: ['11']
  amount of runs: range(577, 100000, 994)
#########
  data with noise
    00: [22, 29, 27, 32, 30, 30, 32, 35, 35, 38, 41, 30, 36, 32, 32, 39, 45, 29, 29, 42, 40, 33, 43, 36, 41, 33, 29, 52, 43, 31, 26, 37, 50, 43, 35, 23, 63, 65, 44, 50, 58, 42, 28, 33, 65, 33, 28, 31, 31, 36, 69, 27, 71, 74, 69, 75, 36, 36, 29, 74, 43, 33, 68, 28, 63, 65, 40, 27, 42, 24, 79, 34, 25, 28, 23, 67, 21, 74, 29, 75, 37, 62, 71, 70, 78, 33, 25, 25, 53, 74, 61, 54, 28, 16, 25, 30, 71, 27, 55, 31, 31]
    01: [29, 19, 23, 27, 22, 26, 22, 24, 25, 29, 30, 23, 29, 21, 17, 35, 19, 30, 27, 24, 24, 30, 18, 18, 12, 20, 22, 17, 25, 23, 23, 17, 37, 37, 25, 28, 13, 14, 27, 26, 17, 14, 17, 25, 14, 21, 29, 19, 24, 27, 10, 23, 11, 11, 10, 9, 29, 22, 21, 6, 20, 28, 11, 31, 13, 14, 27, 24, 32, 20, 9, 26, 24, 20, 31, 23, 32, 11, 26, 6, 29, 24, 22, 9, 8, 19, 25, 20, 18, 13, 24, 37, 23, 22, 23, 18, 8, 22, 36, 27, 14]
    10: [25, 27, 25, 19, 22, 26, 26, 19, 24, 17, 18, 28, 21, 30, 33, 13, 25, 24, 21, 23, 17, 25, 27, 27, 21, 20, 28, 20, 20, 29, 31, 33, 8, 13, 21, 23, 19, 16, 15, 18, 22, 22, 32, 23, 16, 19, 21, 31, 21, 20, 19, 35, 15, 11, 15, 12, 19, 24, 26, 18, 26, 20, 16, 19, 22, 17, 20, 22, 19, 28, 9, 21, 24, 31, 28, 7, 22, 13, 21, 18, 20, 11, 4, 18, 11, 21, 30, 27, 22, 11, 13, 8, 28, 34, 33, 29, 20, 23, 5, 29, 29]
    11: [24, 25, 25, 22, 26, 18, 20, 22, 16, 16, 11, 19, 14, 17, 18, 13, 11, 17, 23, 11, 19, 12, 12, 19, 26, 27, 21, 11, 12, 17, 20, 13, 5, 7, 19, 26, 5, 5, 14, 6, 3, 22, 23, 19, 5, 27, 22, 19, 24, 17, 2, 15, 3, 4, 6, 4, 16, 18, 24, 2, 11, 19, 5, 22, 2, 4, 13, 27, 7, 28, 3, 19, 27, 21, 18, 3, 25, 2, 24, 1, 14, 3, 3, 3, 3, 27, 20, 28, 7, 2, 2, 1, 21, 28, 19, 23, 1, 28, 4, 13, 26]
  data without noise
    00: [0, 0, 0, 0, 0, 0, 0, 0, 0, 0, 0, 0, 0, 0, 0, 0, 0, 0, 0, 0, 0, 0, 0, 0, 0, 0, 0, 0, 0, 0, 0, 0, 0, 0, 0, 0, 0, 0, 0, 0, 0, 0, 0, 0, 0, 0, 0, 0, 0, 0, 0, 0, 0, 0, 0, 0, 0, 0, 0, 0, 0, 0, 0, 0, 0, 0, 0, 0, 0, 0, 0, 0, 0, 0, 0, 0, 0, 0, 0, 0, 0, 0, 0, 0, 0, 0, 0, 0, 0, 0, 0, 0, 0, 0, 0, 0, 0, 0, 0, 0, 0]
    01: [0, 0, 0, 0, 0, 0, 0, 0, 0, 0, 0, 0, 0, 0, 0, 0, 0, 0, 0, 0, 0, 0, 0, 0, 0, 0, 0, 0, 0, 0, 0, 0, 0, 0, 0, 0, 0, 0, 0, 0, 0, 0, 0, 0, 0, 0, 0, 0, 0, 0, 0, 0, 0, 0, 0, 0, 0, 0, 0, 0, 0, 0, 0, 0, 0, 0, 0, 0, 0, 0, 0, 0, 0, 0, 0, 0, 0, 0, 0, 0, 0, 0, 0, 0, 0, 0, 0, 0, 0, 0, 0, 0, 0, 0, 0, 0, 0, 0, 0, 0, 0]
    10: [0, 0, 0, 0, 0, 0, 0, 0, 0, 0, 0, 0, 0, 0, 0, 0, 0, 0, 0, 0, 0, 0, 0, 0, 0, 0, 0, 0, 0, 0, 0, 0, 0, 0, 0, 0, 0, 0, 0, 0, 0, 0, 0, 0, 0, 0, 0, 0, 0, 0, 0, 0, 0, 0, 0, 0, 0, 0, 0, 0, 0, 0, 0, 0, 0, 0, 0, 0, 0, 0, 0, 0, 0, 0, 0, 0, 0, 0, 0, 0, 0, 0, 0, 0, 0, 0, 0, 0, 0, 0, 0, 0, 0, 0, 0, 0, 0, 0, 0, 0, 0]
    11: [100, 100, 100, 100, 100, 100, 100, 100, 100, 100, 100, 100, 100, 100, 100, 100, 100, 100, 100, 100, 100, 100, 100, 100, 100, 100, 100, 100, 100, 100, 100, 100, 100, 100, 100, 100, 100, 100, 100, 100, 100, 100, 100, 100, 100, 100, 100, 100, 100, 100, 100, 100, 100, 100, 100, 100, 100, 100, 100, 100, 100, 100, 100, 100, 100, 100, 100, 100, 100, 100, 100, 100, 100, 100, 100, 100, 100, 100, 100, 100, 100, 100, 100, 100, 100, 100, 100, 100, 100, 100, 100, 100, 100, 100, 100, 100, 100, 100, 100, 100, 100]
#########

Grover with incrementer:
  nr. of variables: 2
  nr. of clauses: 3
  solutions: ['11']
  amount of runs: range(577, 100000, 9942)
#########
  data with noise
    00: [23.2, 33.6, 37.4, 46.2, 49.6, 38.3, 49.2, 53.3, 65.6, 35.8, 51.7]
    01: [25.4, 21.5, 24.6, 23.9, 19.4, 23.6, 18.5, 19.9, 19.1, 25.4, 21.8]
    10: [25.0, 23.7, 22.4, 19.4, 19.5, 23.6, 19.7, 17.4, 12.4, 21.4, 16.6]
    11: [26.4, 21.2, 15.6, 10.5, 11.5, 14.5, 12.6, 9.4, 2.9, 17.4, 9.9]
  data without noise
    00: [0.0, 0.0, 0.0, 0.0, 0.0, 0.0, 0.0, 0.0, 0.0, 0.0, 0.0]
    01: [0.0, 0.0, 0.0, 0.0, 0.0, 0.0, 0.0, 0.0, 0.0, 0.0, 0.0]
    10: [0.0, 0.0, 0.0, 0.0, 0.0, 0.0, 0.0, 0.0, 0.0, 0.0, 0.0]
    11: [100.0, 100.0, 100.0, 100.0, 100.0, 100.0, 100.0, 100.0, 100.0, 100.0, 100.0]
#########

Grover with incrementer:
  nr. of variables: 2
  nr. of clauses: 3
  solutions: ['11']
  amount of runs: range(577, 100000, 19884)
#########
  data with noise
    00: [27.5, 28.4, 25.5, 25.3, 29.2, 26.1]
    01: [24.9, 25.7, 25.8, 23.3, 25.0, 24.8]
    10: [21.5, 22.3, 24.2, 26.0, 21.9, 25.5]
    11: [26.1, 23.6, 24.5, 25.4, 23.9, 23.6]
  data without noise
    00: [0.0, 0.0, 0.0, 0.0, 0.0, 0.0]
    01: [0.0, 0.0, 0.0, 0.0, 0.0, 0.0]
    10: [0.0, 0.0, 0.0, 0.0, 0.0, 0.0]
    11: [100.0, 100.0, 100.0, 100.0, 100.0, 100.0]
#########

Grover with incrementer:
  nr. of variables: 2
  nr. of clauses: 3
  solutions: ['11']
  amount of runs: 5
#########
  data with noise
    00: [16.52, 17.07, 17.09, 16.7, 16.82]
    01: [18.94, 19.72, 19.38, 19.4, 19.74]
    10: [15.82, 16.31, 15.83, 16.18, 16.14]
    11: [48.72, 46.9, 47.7, 47.72, 47.3]
#########

Grover with incrementer:
  nr. of variables: 2
  nr. of clauses: 3
  solutions: ['11']
  amount of runs: 5
#########
  data with noise
    00: [15.6, 15.9, 16.8, 17.4, 17.9]
    01: [18.8, 18.7, 21.8, 18.8, 20.2]
    10: [15.2, 17.2, 15.4, 15.5, 16.5]
    11: [50.4, 48.2, 46.0, 48.3, 45.4]
#########

Grover with incrementer:
  nr. of variables: 2
  nr. of clauses: 3
  solutions: ['11']
  amount of runs: 5
#########
  data with noise
    00: [15.8, 16.5, 16.8, 17.2, 16.8]
    01: [19.9, 19.7, 17.9, 21.1, 19.6]
    10: [16.9, 17.0, 15.7, 15.4, 16.1]
    11: [47.4, 46.8, 49.6, 46.3, 47.5]
#########

Grover with incrementer:
  nr. of variables: 2
  nr. of clauses: 3
  solutions: ['11']
  amount of runs: 5
#########
  data with noise
    00: [16.6, 16.3, 18.3, 17.5, 17.0]
    01: [18.7, 19.1, 19.4, 18.7, 19.8]
    10: [14.4, 18.2, 17.1, 17.9, 13.7]
    11: [50.3, 46.4, 45.2, 45.9, 49.5]
#########

Grover with incrementer:
  nr. of variables: 2
  nr. of clauses: 3
  solutions: ['11']
  amount of runs: 5
#########
  data with noise
    00: [18.6, 18.4, 17.1, 16.4, 16.8]
    01: [18.6, 17.1, 20.8, 19.0, 19.8]
    10: [14.3, 17.1, 13.7, 16.6, 17.5]
    11: [48.5, 47.4, 48.4, 48.0, 45.9]
#########

Grover with incrementer:
  nr. of variables: 2
  nr. of clauses: 3
  solutions: ['11']
  amount of runs: 5
#########
  data with noise
    00: [17.5, 17.7, 16.2, 15.1, 17.1]
    01: [20.6, 19.0, 22.4, 18.7, 23.5]
    10: [15.2, 17.0, 14.3, 15.8, 14.6]
    11: [46.7, 46.3, 47.1, 50.4, 44.8]
#########

Grover with incrementer:
  nr. of variables: 2
  nr. of clauses: 3
  solutions: ['11']
  amount of runs: 5
#########
  data with noise
    00: [17.0, 17.1, 17.4, 16.4, 15.5]
    01: [18.6, 18.2, 17.5, 20.7, 20.9]
    10: [16.8, 14.5, 15.5, 16.3, 13.5]
    11: [47.6, 50.2, 49.6, 46.6, 50.1]
#########

Grover with incrementer:
  nr. of variables: 2
  nr. of clauses: 3
  solutions: ['11']
  amount of runs: 5
#########
  data with noise
    00: [16.4, 18.3, 16.6, 16.7, 17.6]
    01: [19.2, 18.2, 19.2, 21.0, 19.5]
    10: [17.2, 16.6, 14.8, 15.1, 14.7]
    11: [47.2, 46.9, 49.4, 47.2, 48.2]
#########

Grover with incrementer:
  nr. of variables: 2
  nr. of clauses: 3
  solutions: ['11']
  amount of runs: 5
#########
  data with noise
    00: [14.8, 15.6, 16.1, 16.2, 15.5]
    01: [20.7, 18.3, 18.3, 18.5, 19.5]
    10: [17.2, 15.6, 14.5, 16.1, 17.1]
    11: [47.3, 50.5, 51.1, 49.2, 47.9]
#########

Grover with incrementer:
  nr. of variables: 2
  nr. of clauses: 3
  solutions: ['11']
  amount of runs: 5
#########
  data with noise
    00: [17.2, 17.4, 17.5, 15.3, 16.8]
    01: [17.7, 17.9, 19.3, 22.6, 19.4]
    10: [15.9, 15.7, 14.6, 15.5, 16.3]
    11: [49.2, 49.0, 48.6, 46.6, 47.5]
#########

Grover with incrementer:
  nr. of variables: 2
  nr. of clauses: 3
  solutions: ['11']
  amount of runs: 5
#########
  data with noise
    00: [16.8, 15.5, 17.4, 18.2, 18.6]
    01: [19.6, 18.4, 18.6, 21.8, 16.4]
    10: [13.6, 15.8, 16.4, 15.7, 16.3]
    11: [50.0, 50.3, 47.6, 44.3, 48.7]
#########

Grover with incrementer:
  nr. of variables: 2
  nr. of clauses: 3
  solutions: ['11']
  amount of runs: 5
#########
  data with noise
    00: [17.6, 14.8, 17.3, 17.1, 17.0]
    01: [20.0, 20.1, 16.2, 19.9, 20.3]
    10: [16.3, 15.1, 17.3, 16.2, 15.7]
    11: [46.1, 50.0, 49.2, 46.8, 47.0]
#########

Grover with incrementer:
  nr. of variables: 2
  nr. of clauses: 3
  solutions: ['11']
  amount of runs: 5
#########
  data with noise
    00: [18.1, 15.9, 17.7, 16.7, 15.9]
    01: [20.2, 18.2, 19.6, 19.5, 19.3]
    10: [14.3, 16.8, 15.9, 15.3, 16.0]
    11: [47.4, 49.1, 46.8, 48.5, 48.8]
#########

Grover with incrementer:
  nr. of variables: 2
  nr. of clauses: 3
  solutions: ['11']
  amount of runs: 5
#########
  data with noise
    00: [17.1, 16.8, 15.9, 16.7, 15.8]
    01: [19.5, 20.2, 19.1, 20.0, 18.8]
    10: [14.2, 14.9, 15.6, 17.1, 14.6]
    11: [49.2, 48.1, 49.4, 46.2, 50.8]
#########

Grover with incrementer:
  nr. of variables: 2
  nr. of clauses: 3
  solutions: ['11']
  amount of runs: 5
#########
  data with noise
    00: [15.9, 16.0, 15.7, 16.6, 15.8]
    01: [21.3, 23.5, 18.4, 18.5, 17.6]
    10: [16.1, 13.9, 17.0, 14.6, 16.4]
    11: [46.7, 46.6, 48.9, 50.3, 50.2]
#########

Grover with incrementer:
  nr. of variables: 2
  nr. of clauses: 3
  solutions: ['11']
  amount of runs: 5
#########
  data with noise
    00: [16.7, 16.5, 18.5, 16.3, 15.3]
    01: [19.4, 18.8, 20.5, 20.7, 20.3]
    10: [16.6, 17.5, 15.8, 12.8, 17.0]
    11: [47.3, 47.2, 45.2, 50.2, 47.4]
#########

Grover with incrementer:
  nr. of variables: 2
  nr. of clauses: 3
  solutions: ['11']
  amount of runs: 5
#########
  data with noise
    00: [14.4, 15.7, 17.8, 16.8, 17.5]
    01: [21.9, 19.5, 19.2, 21.9, 22.4]
    10: [16.0, 15.4, 16.7, 14.7, 13.7]
    11: [47.7, 49.4, 46.3, 46.6, 46.4]
#########

Grover with incrementer:
  nr. of variables: 2
  nr. of clauses: 3
  solutions: ['11']
  amount of runs: 5
#########
  data with noise
    00: [17.3, 17.7, 16.7, 16.2, 17.6]
    01: [17.7, 19.5, 21.4, 16.1, 19.7]
    10: [14.6, 15.4, 13.6, 15.8, 14.9]
    11: [50.4, 47.4, 48.3, 51.9, 47.8]
#########

Grover with incrementer:
  nr. of variables: 2
  nr. of clauses: 3
  solutions: ['11']
  amount of runs: 20
#########
  data with noise
    00: [16.0, 17.67, 16.72, 16.24, 16.78, 16.64, 17.0, 16.71, 17.44, 17.35, 17.06, 17.71, 17.16, 17.08, 16.59, 16.9, 17.0, 16.49, 16.84, 16.38]
    01: [20.37, 19.21, 19.4, 19.93, 19.11, 19.7, 20.07, 19.88, 19.1, 18.94, 20.01, 19.43, 19.26, 19.13, 19.0, 19.02, 19.21, 19.84, 19.59, 18.78]
    10: [15.7, 15.52, 16.2, 16.33, 16.2, 15.29, 15.49, 15.39, 15.61, 15.92, 15.73, 15.44, 15.59, 15.57, 15.65, 15.91, 15.89, 15.48, 16.29, 15.51]
    11: [47.93, 47.6, 47.68, 47.5, 47.91, 48.37, 47.44, 48.02, 47.85, 47.79, 47.2, 47.42, 47.99, 48.22, 48.76, 48.17, 47.9, 48.19, 47.28, 49.33]
#########

